0.0 0.22737210988998413 -0.08959522098302841 1.7762086391448975 0.7723354629459467 0.4293017351968843 -0.40761626810889134 0.23031919330788445
1.0 1.2560172080993652 -0.8663322925567627 0.09502315521240234 -0.0018864329979323582 -0.11433597812194154 0.7823253990970577 -0.6122831823634165
2.0 -0.7926304936408997 1.1810919046401978 -1.4431219100952148 -0.050439127366340354 0.855719723403942 -0.29479997608306463 0.42224711190181935
3.0 -8.200838088989258 1.0192387104034424 3.9895267486572266 0.49363847401905425 -0.5744213325284993 0.6529486780283474 0.0043833281141303195
4.0 -0.2657258212566376 0.7581151723861694 -2.773252487182617 0.6890764194832487 -0.47514281443689904 0.4732566533090604 0.27466549492034137
5.0 -1.3640110492706299 -2.688366413116455 6.520224571228027 -0.6706734677193257 0.2213347454480567 0.6773112163385486 -0.20605229039439146
6.0 -5.4517316818237305 -1.424246907234192 -2.7261173725128174 0.903149867849896 0.09618014125455811 -0.21585975524473303 -0.35843306585282075
7.0 3.1920363903045654 -0.3019431233406067 -0.033038318157196045 0.1612471932836326 -0.5219218238955879 0.7775096477554058 0.31156973544765004
8.0 -3.884373188018799 -0.9705480337142944 -4.767695426940918 0.1789002499209985 0.92166260646263 0.2792306270346094 -0.20140257533749228
9.0 -0.8652963638305664 0.004763731732964516 -5.113143444061279 0.16554491451567688 0.24702348436083563 0.9316460501163201 0.20882987514933854
10.0 3.61492919921875 -0.7358732223510742 0.33235958218574524 0.265160958208074 0.09411626952513756 0.5547497944925806 0.7829971006097578
11.0 2.5708024501800537 -0.05808345228433609 0.05423477292060852 -0.29552857154426054 0.8106880416365772 -0.23354639188787185 -0.4482229862296409
12.0 -1.1948165893554688 0.059135161340236664 0.45996782183647156 -0.10888265440849738 0.8807077450074137 0.3704784067747751 0.2743067362762724
13.0 -0.3970921039581299 -3.816953182220459 -0.03494773060083389 -0.1807040711270889 0.3058203856085962 0.7822688999773654 0.5117375289662741
14.0 -0.15608279407024384 -0.08603142201900482 1.0923678874969482 0.6679711523237306 0.24452532260070023 0.7006886108924153 0.05529355148648374
15.0 0.8783135414123535 1.631047010421753 -3.60300874710083 -0.4823880476429592 0.774090729094807 -0.39208464036513885 -0.11981214216607636
16.0 1.4925209283828735 -2.1279778480529785 0.372637540102005 0.39194226658699544 0.31064972150323356 0.864829835005707 0.044128977742679674
17.0 -0.8900758028030396 0.9175955653190613 -0.9931052923202515 0.20524809584832282 0.751173693414562 -0.009458200839213988 -0.6273131944327717
18.0 0.19964221119880676 -1.534729242324829 0.535529375076294 -0.5425952670762404 -0.19246127897633775 0.6975460574649031 -0.42658941613268586
19.0 -1.2387007474899292 2.6499788761138916 0.952466607093811 -0.49265934064136474 -0.4527129914348568 0.7238366477176983 0.16851774056675353
20.0 -2.5486860275268555 -0.4342377781867981 0.7508246898651123 0.21022066723727095 0.08504228516243979 0.920976416110238 -0.31682411803618893
21.0 -0.09140890091657639 0.19036445021629333 -0.2376515418291092 -0.06259547588515266 -0.05509746175101677 -0.5814473635022757 0.8092991039063118
22.0 -0.7341333627700806 -2.5039424896240234 -0.4610527753829956 -0.12397632822256426 0.6815705424184308 0.26225217299739356 -0.6718000174948211
23.0 2.187875509262085 -0.16062262654304504 -1.14323091506958 0.19659966302732862 0.34014443156413515 0.48945567723518174 0.7785136339176738
24.0 0.4923834204673767 1.0295264720916748 -0.3568648397922516 0.29458930475357875 0.9356108791237115 -0.13455293667966284 -0.1405166595853939
25.0 0.17371217906475067 0.8684468269348145 -13.274539947509766 -0.1467353735208869 0.45041942737786755 0.6496969411790082 -0.5945460068160578
26.0 3.871206760406494 -0.20912782847881317 0.347044438123703 0.5759676068466019 -0.22758217981104006 0.7846572910533617 0.02793927151258214
27.0 -2.1985933780670166 -0.09437596052885056 3.886199951171875 -0.3338817611020119 0.03145818643537456 0.937458244598169 0.09330268883872453
28.0 -0.005627200938761234 -0.7382288575172424 -7.308909893035889 0.858641597816512 0.4772877972299775 -0.018033179879354 -0.18602626034488257
29.0 -3.949766159057617 -14.871479034423828 1.9522826671600342 -0.14731675598396599 0.02216609906409512 0.2959875748628296 0.9435029374546018
30.0 0.5727994441986084 -0.18892636895179749 0.21209849417209625 0.08081168507063125 0.41410273598527825 0.7033017376506517 0.5721495096765582
31.0 0.06338123232126236 -0.1718008816242218 -0.4844891130924225 0.7914551956538214 0.3902832121579617 -0.3206397685570597 -0.34419155480620073
32.0 -0.6837924718856812 0.6753427982330322 0.2756732404232025 -0.007874778050314498 0.36535344155971117 -0.3659927734331068 0.8558645572787061
33.0 -0.41783830523490906 0.11084038764238358 0.9717521071434021 -0.13759666891877684 0.8706343881487387 -0.3816555938937109 0.27821201721882294
34.0 -1.2322593927383423 -0.791958212852478 1.2548141479492188 0.9408023970274119 0.297474933382249 0.0019384811938755761 0.1624677077063733
35.0 -1.2276968955993652 -2.241386890411377 -2.6481170654296875 0.5416554182409924 0.18157772579564893 0.7965555760332836 0.19783364646929869
36.0 -0.26696503162384033 -0.580056369304657 -1.0267949104309082 0.7841885387982523 0.545840403313478 -0.29261736717773074 -0.038492416837797444
37.0 0.3848302364349365 -1.9376487731933594 -4.403865814208984 -0.1952371960397924 0.21536596560962554 0.9517646913023928 -0.09820341404255781
38.0 1.6666051149368286 0.3394923806190491 -1.0411959886550903 0.5816661951793878 -0.3504098259993289 0.47900857756696313 -0.5562626842112717
39.0 2.2917394638061523 0.07814821600914001 0.6604511737823486 -0.4684588555398581 -0.14023409944361023 -0.37752919513196204 0.7863538674429845
40.0 -4.627808094024658 -0.9976844191551208 1.6135509014129639 -0.30644499516061285 -0.1024315995311944 -0.5325521835880153 0.7822962380800061
41.0 0.766319751739502 8.514833450317383 -3.652966022491455 -0.07856120061711633 -0.5363808034186165 0.731492642163365 -0.4135725884804941
42.0 -2.195925712585449 -1.1534124612808228 -3.958435535430908 0.6081928996872519 -0.4464908122359047 0.4955662022707886 -0.4303039513249239
43.0 -1.2614322900772095 -1.6708142757415771 -0.933260440826416 0.4064438376880121 -0.1910483490795659 -0.3091727223162792 0.838281672765756
44.0 -0.8193279504776001 1.6399811506271362 -1.812697410583496 0.5533956787659211 0.7484366682045203 -0.36087122370415853 -0.05803220065089184
45.0 -0.8324602842330933 -2.421870708465576 -3.031343460083008 0.5490459003047177 -0.16069946179588707 0.8127648676068947 0.11017056013763975
46.0 -0.29504236578941345 -1.9607020616531372 1.497454285621643 0.831600282770683 -0.5028249874887722 -0.12500236753032062 0.19995601957543274
47.0 -0.39194509387016296 0.4523782730102539 -2.8585031032562256 -0.281868086518771 -0.31395691818200105 0.8473812144310409 0.3223763526645234
48.0 -0.11615852266550064 -0.2839069366455078 -0.7755813598632812 0.5021157763402145 -0.1160597518993428 0.7632742812010067 0.3896437511322531
49.0 -0.9461929798126221 -0.3276795446872711 3.555257558822632 0.0470178548658179 -0.2851906933391159 -0.4618986096228702 0.8385137233134772
50.0 -2.0327954292297363 1.5360825061798096 0.38990262150764465 0.9513850163385548 0.2718261079880721 -0.08583445925191582 0.11666003303392342
51.0 0.6340160369873047 -1.982345700263977 -0.2674960792064667 -0.22769990916241534 -0.6481402986114845 -0.30073611952768137 0.6615320786588325
52.0 -0.05056323483586311 1.0412862300872803 -0.33272090554237366 0.49173671683778936 -0.18257379223906625 0.8458091007483979 0.09730763994787192
53.0 -4.446892261505127 -9.004583358764648 2.0694000720977783 -0.35951628978385747 0.13046615979008624 -0.05497105523345965 0.9223365988706059
54.0 -0.5825701951980591 2.7985100746154785 -0.07890339195728302 -0.4696403785021834 0.5600186535860444 -0.1923318086474558 0.6548476906108766
55.0 -0.5442947149276733 0.3846744894981384 0.6656293869018555 0.5851921212408311 -0.3364802238182124 0.598403240973231 -0.4315608895736909
56.0 -0.16714973747730255 -0.432050883769989 -1.4874718189239502 0.8634804209519081 0.3158559962198973 -0.348865857253745 -0.1814639521427365
57.0 0.6875395178794861 0.7077574729919434 9.518457412719727 0.09366079862932986 -0.042744247201677306 0.28619396692648646 0.9526245836772004
58.0 4.294609069824219 -6.706006050109863 -0.5722265243530273 -0.09759999218309504 0.30041314314146605 0.9147796915009546 0.2518021067647033
59.0 -0.41866621375083923 0.239016592502594 -0.11698257178068161 -0.35848984892685304 -0.6006979467016107 0.6665123374203512 -0.2576980968329623
60.0 0.8438334465026855 1.6697139739990234 1.6727652549743652 0.8614936299271675 0.28619155253686374 -0.4194113329420702 -0.004153871833373309
61.0 2.999577045440674 -3.8913893699645996 -1.0883370637893677 0.3349655533054695 -0.20368548654039056 0.8929914977785965 0.2210802695102023
62.0 -0.6426884531974792 -0.38199836015701294 -1.0042668581008911 0.6438439222161433 -0.17117488716554072 0.7008408689175342 -0.2549239853056454
63.0 1.488006830215454 1.2974473237991333 -2.880237102508545 -0.1764883201752942 -0.4585065805383099 0.17339631031333105 0.8535556853624092
64.0 -0.18242596089839935 -2.2912683486938477 0.6279021501541138 0.2606820675827846 -0.4665728970542793 0.16437575375775032 0.8290568152736655
