512.000000 0.000000 256.000000 0.000000 512.000000 144.000000 0.000000 0.000000 1.000000
512.000000 0.000000 256.000000 0.000000 512.000000 144.000000 0.000000 0.000000 1.000000
512.000000 0.000000 256.000000 0.000000 512.000000 144.000000 0.000000 0.000000 1.000000
512.000000 0.000000 256.000000 0.000000 512.000000 144.000000 0.000000 0.000000 1.000000
512.000000 0.000000 256.000000 0.000000 512.000000 144.000000 0.000000 0.000000 1.000000
512.000000 0.000000 256.000000 0.000000 512.000000 144.000000 0.000000 0.000000 1.000000
512.000000 0.000000 256.000000 0.000000 512.000000 144.000000 0.000000 0.000000 1.000000
512.000000 0.000000 256.000000 0.000000 512.000000 144.000000 0.000000 0.000000 1.000000
512.000000 0.000000 256.000000 0.000000 512.000000 144.000000 0.000000 0.000000 1.000000
512.000000 0.000000 256.000000 0.000000 512.000000 144.000000 0.000000 0.000000 1.000000
512.000000 0.000000 256.000000 0.000000 512.000000 144.000000 0.000000 0.000000 1.000000
512.000000 0.000000 256.000000 0.000000 512.000000 144.000000 0.000000 0.000000 1.000000
512.000000 0.000000 256.000000 0.000000 512.000000 144.000000 0.000000 0.000000 1.000000
512.000000 0.000000 256.000000 0.000000 512.000000 144.000000 0.000000 0.000000 1.000000
512.000000 0.000000 256.000000 0.000000 512.000000 144.000000 0.000000 0.000000 1.000000
512.000000 0.000000 256.000000 0.000000 512.000000 144.000000 0.000000 0.000000 1.000000
512.000000 0.000000 256.000000 0.000000 512.000000 144.000000 0.000000 0.000000 1.000000
512.000000 0.000000 256.000000 0.000000 512.000000 144.000000 0.000000 0.000000 1.000000
512.000000 0.000000 256.000000 0.000000 512.000000 144.000000 0.000000 0.000000 1.000000
512.000000 0.000000 256.000000 0.000000 512.000000 144.000000 0.000000 0.000000 1.000000
512.000000 0.000000 256.000000 0.000000 512.000000 144.000000 0.000000 0.000000 1.000000
512.000000 0.000000 256.000000 0.000000 512.000000 144.000000 0.000000 0.000000 1.000000
512.000000 0.000000 256.000000 0.000000 512.000000 144.000000 0.000000 0.000000 1.000000
512.000000 0.000000 256.000000 0.000000 512.000000 144.000000 0.000000 0.000000 1.000000
512.000000 0.000000 256.000000 0.000000 512.000000 144.000000 0.000000 0.000000 1.000000
512.000000 0.000000 256.000000 0.000000 512.000000 144.000000 0.000000 0.000000 1.000000
512.000000 0.000000 256.000000 0.000000 512.000000 144.000000 0.000000 0.000000 1.000000
512.000000 0.000000 256.000000 0.000000 512.000000 144.000000 0.000000 0.000000 1.000000
512.000000 0.000000 256.000000 0.000000 512.000000 144.000000 0.000000 0.000000 1.000000
512.000000 0.000000 256.000000 0.000000 512.000000 144.000000 0.000000 0.000000 1.000000
512.000000 0.000000 256.000000 0.000000 512.000000 144.000000 0.000000 0.000000 1.000000
512.000000 0.000000 256.000000 0.000000 512.000000 144.000000 0.000000 0.000000 1.000000
512.000000 0.000000 256.000000 0.000000 512.000000 144.000000 0.000000 0.000000 1.000000
512.000000 0.000000 256.000000 0.000000 512.000000 144.000000 0.000000 0.000000 1.000000
512.000000 0.000000 256.000000 0.000000 512.000000 144.000000 0.000000 0.000000 1.000000
512.000000 0.000000 256.000000 0.000000 512.000000 144.000000 0.000000 0.000000 1.000000
512.000000 0.000000 256.000000 0.000000 512.000000 144.000000 0.000000 0.000000 1.000000
512.000000 0.000000 256.000000 0.000000 512.000000 144.000000 0.000000 0.000000 1.000000
512.000000 0.000000 256.000000 0.000000 512.000000 144.000000 0.000000 0.000000 1.000000
512.000000 0.000000 256.000000 0.000000 512.000000 144.000000 0.000000 0.000000 1.000000
512.000000 0.000000 256.000000 0.000000 512.000000 144.000000 0.000000 0.000000 1.000000
512.000000 0.000000 256.000000 0.000000 512.000000 144.000000 0.000000 0.000000 1.000000
512.000000 0.000000 256.000000 0.000000 512.000000 144.000000 0.000000 0.000000 1.000000
512.000000 0.000000 256.000000 0.000000 512.000000 144.000000 0.000000 0.000000 1.000000
512.000000 0.000000 256.000000 0.000000 512.000000 144.000000 0.000000 0.000000 1.000000
512.000000 0.000000 256.000000 0.000000 512.000000 144.000000 0.000000 0.000000 1.000000
512.000000 0.000000 256.000000 0.000000 512.000000 144.000000 0.000000 0.000000 1.000000
512.000000 0.000000 256.000000 0.000000 512.000000 144.000000 0.000000 0.000000 1.000000
512.000000 0.000000 256.000000 0.000000 512.000000 144.000000 0.000000 0.000000 1.000000
512.000000 0.000000 256.000000 0.000000 512.000000 144.000000 0.000000 0.000000 1.000000
512.000000 0.000000 256.000000 0.000000 512.000000 144.000000 0.000000 0.000000 1.000000
512.000000 0.000000 256.000000 0.000000 512.000000 144.000000 0.000000 0.000000 1.000000
512.000000 0.000000 256.000000 0.000000 512.000000 144.000000 0.000000 0.000000 1.000000
512.000000 0.000000 256.000000 0.000000 512.000000 144.000000 0.000000 0.000000 1.000000
512.000000 0.000000 256.000000 0.000000 512.000000 144.000000 0.000000 0.000000 1.000000
512.000000 0.000000 256.000000 0.000000 512.000000 144.000000 0.000000 0.000000 1.000000
512.000000 0.000000 256.000000 0.000000 512.000000 144.000000 0.000000 0.000000 1.000000
512.000000 0.000000 256.000000 0.000000 512.000000 144.000000 0.000000 0.000000 1.000000
512.000000 0.000000 256.000000 0.000000 512.000000 144.000000 0.000000 0.000000 1.000000
512.000000 0.000000 256.000000 0.000000 512.000000 144.000000 0.000000 0.000000 1.000000
512.000000 0.000000 256.000000 0.000000 512.000000 144.000000 0.000000 0.000000 1.000000
512.000000 0.000000 256.000000 0.000000 512.000000 144.000000 0.000000 0.000000 1.000000
512.000000 0.000000 256.000000 0.000000 512.000000 144.000000 0.000000 0.000000 1.000000
512.000000 0.000000 256.000000 0.000000 512.000000 144.000000 0.000000 0.000000 1.000000
512.000000 0.000000 256.000000 0.000000 512.000000 144.000000 0.000000 0.000000 1.000000
