512.000000
512.000000
512.000000
512.000000
512.000000
512.000000
512.000000
512.000000
512.000000
512.000000
512.000000
512.000000
512.000000
512.000000
512.000000
512.000000
512.000000
512.000000
512.000000
512.000000
512.000000
512.000000
512.000000
512.000000
512.000000
512.000000
512.000000
512.000000
512.000000
512.000000
512.000000
512.000000
512.000000
512.000000
512.000000
512.000000
512.000000
512.000000
512.000000
512.000000
512.000000
512.000000
512.000000
512.000000
512.000000
512.000000
512.000000
512.000000
512.000000
512.000000
512.000000
512.000000
512.000000
512.000000
512.000000
512.000000
512.000000
512.000000
512.000000
512.000000
512.000000
512.000000
512.000000
512.000000
512.000000
